image_width: 4096
image_height: 3000
camera_name: tracking_cam
camera_matrix:
  rows: 3
  cols: 3
  data: [1456.451559, 0.000000, 2054.794727, 0.000000, 1460.022713, 1480.249618, 0.000000, 0.000000, 1.000000]
distortion_model: plumb_bob
distortion_coefficients:
  rows: 1
  cols: 5
  data: [-0.139406, 0.175458, -0.003287, -0.002883, 0.000000]
rectification_matrix:
  rows: 3
  cols: 3
  data: [1.000000, 0.000000, 0.000000, 0.000000, 1.000000, 0.000000, 0.000000, 0.000000, 1.000000]
projection_matrix:
  rows: 3
  cols: 4
  data: [3415.579101, 0.000000, 2018.646896, 0.000000, 0.000000, 3428.111759, 1479.951083, 0.000000, 0.000000, 0.000000, 1.000000, 0.000000]
